0.8011888611370068 837.9036753826628 75712.06247210786
0.8011888611370068 837.9036753826628 75712.06247210786
0.8011888611370068 837.9036753826628 75712.06247210786
0.8011888611370068 837.9036753826628 75712.06247210786
0.8011888611370068 837.9036753826628 75712.06247210786
0.8011888611370068 837.9036753826628 75712.06247210786
0.8011888611370068 837.9036753826628 75712.06247210786
0.8011888611370068 837.9036753826628 75712.06247210786
0.8011888611370068 837.9036753826628 75712.06247210786
0.8011888611370068 837.9036753826628 75712.06247210786
